0 1000.0 1000.0 1000.0 
1 885.714285714 885.714285714 927.272727273 
2 771.428571429 771.428571429 854.545454545 
3 657.142857143 657.142857143 781.818181818 
4 542.857142857 542.857142857 709.090909091 
5 428.571428571 428.571428571 636.363636364 
6 314.285714286 314.285714286 563.636363636 
7 200.0 200.0 490.909090909 
8 190.0 190.0 418.181818182 
9 185.0 180.0 345.454545455 
10 180.0 170.0 272.727272727 
11 170.0 160.0 200.0 
12 160.0 150.0 190.0 
13 150.0 140.0 180.0 
14 140.0 135.0 170.0 
15 130.0 130.0 160.0 
16 125.0 126.666666667 156.666666667 
17 120.0 123.333333333 153.333333333 
18 116.666666667 120.0 150.0 
19 113.333333333 116.666666667 145.0 
20 110.0 113.333333333 140.0 
21 106.666666667 110.0 136.666666667 
22 103.333333333 107.5 133.333333333 
23 100.0 105.0 130.0 
24 97.5 102.5 126.666666667 
25 95.0 100.0 123.333333333 
26 92.5 98.3333333333 120.0 
27 90.0 96.6666666667 117.5 
28 88.0 95.0 115.0 
29 86.0 93.3333333333 112.5 
30 84.0 91.6666666667 110.0 
31 82.0 90.0 108.0 
32 80.0 88.5714285714 106.0 
33 78.5714285714 87.1428571429 104.0 
34 77.1428571429 85.7142857143 102.0 
35 75.7142857143 84.2857142857 100.0 
36 74.2857142857 82.8571428571 98.5714285714 
37 72.8571428571 81.4285714286 97.1428571429 
38 71.4285714286 80.0 95.7142857143 
39 70.0 79.0 94.2857142857 
40 69.0 78.0 92.8571428571 
41 68.0 77.0 91.4285714286 
42 67.0 76.0 90.0 
43 66.0 75.0 88.75 
44 65.0 74.0 87.5 
45 64.0 73.0 86.25 
46 63.0 72.0 85.0 
47 62.0 71.0 83.75 
48 61.0 70.0 82.5 
49 60.0 69.2857142857 81.25 
50 59.3333333333 68.5714285714 80.0 
51 58.6666666667 67.8571428571 79.0909090909 
52 58.0 67.1428571429 78.1818181818 
53 57.3333333333 66.4285714286 77.2727272727 
54 56.6666666667 65.7142857143 76.3636363636 
55 56.0 65.0 75.4545454545 
56 55.3333333333 64.2857142857 74.5454545455 
57 54.6666666667 63.5714285714 73.6363636364 
58 54.0 62.8571428571 72.7272727273 
59 53.3333333333 62.1428571429 71.8181818182 
60 52.6666666667 61.4285714286 70.9090909091 
61 52.0 60.7142857143 70.0 
62 51.3333333333 60.0 69.375 
63 50.6666666667 59.5652173913 68.75 
64 50.0 59.1304347826 68.125 
65 49.4736842105 58.6956521739 67.5 
66 48.9473684211 58.2608695652 66.875 
67 48.4210526316 57.8260869565 66.25 
68 47.8947368421 57.3913043478 65.625 
69 47.3684210526 56.9565217391 65.0 
70 46.8421052632 56.5217391304 64.375 
71 46.3157894737 56.0869565217 63.75 
72 45.7894736842 55.652173913 63.125 
73 45.2631578947 55.2173913043 62.5 
74 44.7368421053 54.7826086957 61.875 
75 44.2105263158 54.347826087 61.25 
76 43.6842105263 53.9130434783 60.625 
77 43.1578947368 53.4782608696 60.0 
78 42.6315789474 53.0434782609 59.5454545455 
79 42.1052631579 52.6086956522 59.0909090909 
80 41.5789473684 52.1739130435 58.6363636364 
81 41.0526315789 51.7391304348 58.1818181818 
82 40.5263157895 51.3043478261 57.7272727273 
83 40.0 50.8695652174 57.2727272727 
84 39.7297297297 50.4347826087 56.8181818182 
85 39.4594594595 50.0 56.3636363636 
86 39.1891891892 49.7222222222 55.9090909091 
87 38.9189189189 49.4444444444 55.4545454545 
88 38.6486486486 49.1666666667 55.0 
89 38.3783783784 48.8888888889 54.5454545455 
90 38.1081081081 48.6111111111 54.0909090909 
91 37.8378378378 48.3333333333 53.6363636364 
92 37.5675675676 48.0555555556 53.1818181818 
93 37.2972972973 47.7777777778 52.7272727273 
94 37.027027027 47.5 52.2727272727 
95 36.7567567568 47.2222222222 51.8181818182 
96 36.4864864865 46.9444444444 51.3636363636 
97 36.2162162162 46.6666666667 50.9090909091 
98 35.9459459459 46.3888888889 50.4545454545 
99 35.6756756757 46.1111111111 50.0 
100 35.4054054054 45.8333333333 49.6666666667 
101 35.1351351351 45.5555555556 49.3333333333 
102 34.8648648649 45.2777777778 49.0 
103 34.5945945946 45.0 48.6666666667 
104 34.3243243243 44.7222222222 48.3333333333 
105 34.0540540541 44.4444444444 48.0 
106 33.7837837838 44.1666666667 47.6666666667 
107 33.5135135135 43.8888888889 47.3333333333 
108 33.2432432432 43.6111111111 47.0 
109 32.972972973 43.3333333333 46.6666666667 
110 32.7027027027 43.0555555556 46.3333333333 
111 32.4324324324 42.7777777778 46.0 
112 32.1621621622 42.5 45.6666666667 
113 31.8918918919 42.2222222222 45.3333333333 
114 31.6216216216 41.9444444444 45.0 
115 31.3513513514 41.6666666667 44.6666666667 
116 31.0810810811 41.3888888889 44.3333333333 
117 30.8108108108 41.1111111111 44.0 
118 30.5405405405 40.8333333333 43.6666666667 
119 30.2702702703 40.5555555556 43.3333333333 
120 30.0 40.2777777778 43.0 
121 29.84375 40.0 42.6666666667 
122 29.6875 39.8701298701 42.3333333333 
123 29.53125 39.7402597403 42.0 
124 29.375 39.6103896104 41.6666666667 
125 29.21875 39.4805194805 41.3333333333 
126 29.0625 39.3506493506 41.0 
127 28.90625 39.2207792208 40.6666666667 
128 28.75 39.0909090909 40.3333333333 
129 28.59375 38.961038961 40.0 
130 28.4375 38.8311688312 39.7916666667 
131 28.28125 38.7012987013 39.5833333333 
132 28.125 38.5714285714 39.375 
133 27.96875 38.4415584416 39.1666666667 
134 27.8125 38.3116883117 38.9583333333 
135 27.65625 38.1818181818 38.75 
136 27.5 38.0519480519 38.5416666667 
137 27.34375 37.9220779221 38.3333333333 
138 27.1875 37.7922077922 38.125 
139 27.03125 37.6623376623 37.9166666667 
140 26.875 37.5324675325 37.7083333333 
141 26.71875 37.4025974026 37.5 
142 26.5625 37.2727272727 37.2916666667 
143 26.40625 37.1428571429 37.0833333333 
144 26.25 37.012987013 36.875 
145 26.09375 36.8831168831 36.6666666667 
146 25.9375 36.7532467532 36.4583333333 
147 25.78125 36.6233766234 36.25 
148 25.625 36.4935064935 36.0416666667 
149 25.46875 36.3636363636 35.8333333333 
150 25.3125 36.2337662338 35.625 
151 25.15625 36.1038961039 35.4166666667 
152 25.0 35.974025974 35.2083333333 
153 24.84375 35.8441558442 35.0 
154 24.6875 35.7142857143 34.7916666667 
155 24.53125 35.5844155844 34.5833333333 
156 24.375 35.4545454545 34.375 
157 24.21875 35.3246753247 34.1666666667 
158 24.0625 35.1948051948 33.9583333333 
159 23.90625 35.0649350649 33.75 
160 23.75 34.9350649351 33.5416666667 
161 23.59375 34.8051948052 33.3333333333 
162 23.4375 34.6753246753 33.125 
163 23.28125 34.5454545455 32.9166666667 
164 23.125 34.4155844156 32.7083333333 
165 22.96875 34.2857142857 32.5 
166 22.8125 34.1558441558 32.2916666667 
167 22.65625 34.025974026 32.0833333333 
168 22.5 33.8961038961 31.875 
169 22.34375 33.7662337662 31.6666666667 
170 22.1875 33.6363636364 31.4583333333 
171 22.03125 33.5064935065 31.25 
172 21.875 33.3766233766 31.0416666667 
173 21.71875 33.2467532468 30.8333333333 
174 21.5625 33.1168831169 30.625 
175 21.40625 32.987012987 30.4166666667 
176 21.25 32.8571428571 30.2083333333 
177 21.09375 32.7272727273 30.0 
178 20.9375 32.5974025974 29.756097561 
179 20.78125 32.4675324675 29.512195122 
180 20.625 32.3376623377 29.2682926829 
181 20.46875 32.2077922078 29.0243902439 
182 20.3125 32.0779220779 28.7804878049 
183 20.15625 31.9480519481 28.5365853659 
184 20.0 31.8181818182 28.2926829268 
185 19.7619047619 31.6883116883 28.0487804878 
186 19.5238095238 31.5584415584 27.8048780488 
187 19.2857142857 31.4285714286 27.5609756098 
188 19.0476190476 31.2987012987 27.3170731707 
189 18.8095238095 31.1688311688 27.0731707317 
190 18.5714285714 31.038961039 26.8292682927 
191 18.3333333333 30.9090909091 26.5853658537 
192 18.0952380952 30.7792207792 26.3414634146 
193 17.8571428571 30.6493506494 26.0975609756 
194 17.619047619 30.5194805195 25.8536585366 
195 17.380952381 30.3896103896 25.6097560976 
196 17.1428571429 30.2597402597 25.3658536585 
197 16.9047619048 30.1298701299 25.1219512195 
198 16.6666666667 30.0 24.8780487805 
199 16.4285714286 29.696969697 24.6341463415 
200 16.1904761905 29.3939393939 24.3902439024 
201 15.9523809524 29.0909090909 24.1463414634 
202 15.7142857143 28.7878787879 23.9024390244 
203 15.4761904762 28.4848484848 23.6585365854 
204 15.2380952381 28.1818181818 23.4146341463 
205 15.0 27.8787878788 23.1707317073 
206 14.7619047619 27.5757575758 22.9268292683 
207 14.5238095238 27.2727272727 22.6829268293 
208 14.2857142857 26.9696969697 22.4390243902 
209 14.0476190476 26.6666666667 22.1951219512 
210 13.8095238095 26.3636363636 21.9512195122 
211 13.5714285714 26.0606060606 21.7073170732 
212 13.3333333333 25.7575757576 21.4634146341 
213 13.0952380952 25.4545454545 21.2195121951 
214 12.8571428571 25.1515151515 20.9756097561 
215 12.619047619 24.8484848485 20.7317073171 
216 12.380952381 24.5454545455 20.487804878 
217 12.1428571429 24.2424242424 20.243902439 
218 11.9047619048 23.9393939394 20.0 
219 11.6666666667 23.6363636364 19.3333333333 
220 11.4285714286 23.3333333333 18.6666666667 
221 11.1904761905 23.0303030303 18.0 
222 10.9523809524 22.7272727273 17.3333333333 
223 10.7142857143 22.4242424242 16.6666666667 
224 10.4761904762 22.1212121212 16.0 
225 10.2380952381 21.8181818182 15.3333333333 
226 10.0 21.5151515152 14.6666666667 
227 9.0 21.2121212121 14.0 
228 8.0 20.9090909091 13.3333333333 
229 7.0 20.6060606061 12.6666666667 
230 6.0 20.303030303 12.0 
231 5.0 20.0 11.3333333333 
232 4.0 18.3333333333 10.6666666667 
233 3.0 16.6666666667 10.0 
234 2.0 15.0 6.66666666667 
235 1.0 13.3333333333 3.33333333333 
236 0.0 11.6666666667 0.0 
237 -1.0 10.0 -3.33333333333 
238 -2.0 8.75 -6.66666666667 
239 -3.0 7.5 -10.0 
240 -4.0 6.25 -13.3333333333 
241 -5.0 5.0 -16.6666666667 
242 -6.0 3.75 -20.0 
243 -7.0 2.5 -23.3333333333 
244 -8.0 1.25 -26.6666666667 
245 -9.0 0.0 -30.0 
246 -10.0 -1.25 -33.3333333333 
247 -11.0 -2.5 -36.6666666667 
248 -12.0 -3.75 -40.0 
249 -13.0 -5.0 -43.3333333333 
